0 0.597154 0.548830 0.023884 0.019022
0 0.566474 0.802854 0.025918 0.029146
0 0.423522 0.775626 0.023464 0.024890
0 0.366268 0.533650 0.029284 0.030488
0 0.693698 0.358114 0.024568 0.026916
0 0.749898 0.015902 0.027800 0.026604
0 0.761998 0.131898 0.026160 0.024156
0 0.774528 0.564916 0.025958 0.025162
0 0.319424 0.926548 0.023316 0.022030
0 0.748652 0.326824 0.027480 0.026104
0 0.651026 0.560496 0.024818 0.022062
0 0.295136 0.325136 0.030332 0.030314
0 0.393302 0.923058 0.023934 0.025564
0 0.446704 0.458648 0.024600 0.025480
0 0.781894 0.474674 0.024400 0.023410
0 0.382680 0.605292 0.025556 0.023644
0 0.068330 0.537238 0.028472 0.028570
0 0.314400 0.161622 0.033102 0.032170
0 0.664004 0.669984 0.027532 0.032032
0 0.409392 0.544002 0.024830 0.024616
0 0.471220 0.508198 0.022136 0.021066
0 0.799260 0.530956 0.028356 0.031816
0 0.514088 0.693330 0.025332 0.024640
0 0.460766 0.879236 0.024558 0.028888
0 0.275714 0.784008 0.023186 0.021008
0 0.093808 0.591484 0.035414 0.039586
0 0.320086 0.613952 0.022248 0.021266
0 0.257752 0.922724 0.023246 0.021828
0 0.617250 0.368174 0.021826 0.022706
0 0.528360 0.518576 0.020182 0.020602
0 0.430490 0.826440 0.022194 0.021142
0 0.223608 0.897814 0.023862 0.026050
0 0.194632 0.608078 0.027662 0.028574
0 0.333210 0.310998 0.031128 0.031450
0 0.278588 0.731516 0.025448 0.025012
0 0.689562 0.190690 0.024708 0.024736
0 0.356238 0.129952 0.031996 0.032682
0 0.021536 0.968994 0.030252 0.031226
0 0.824564 0.446614 0.025642 0.021186
0 0.538272 0.918142 0.021234 0.021888
0 0.246222 0.824320 0.019338 0.017222
0 0.358518 0.987248 0.026220 0.017710
0 0.453842 0.122050 0.027312 0.027722
0 0.705108 0.093304 0.026534 0.022642
0 0.729662 0.166360 0.026506 0.024550
0 0.814688 0.074250 0.029438 0.029110
0 0.351094 0.923768 0.021648 0.020818
0 0.911560 0.087892 0.026998 0.022628
0 0.509014 0.433482 0.021294 0.018890
0 0.410212 0.293584 0.025462 0.024660
0 0.829884 0.213790 0.027062 0.023590
0 0.225550 0.381788 0.028090 0.030036
0 0.429206 0.497374 0.023716 0.021634
0 0.077386 0.703700 0.023130 0.024458
0 0.577838 0.472482 0.023560 0.022042
0 0.720468 0.825246 0.017926 0.022074
0 0.209226 0.686274 0.021032 0.021698
0 0.323156 0.846486 0.022524 0.022608
0 0.474118 0.793256 0.024166 0.022742
0 0.125842 0.675282 0.027878 0.026482
0 0.014872 0.677636 0.029744 0.031366
0 0.222140 0.603268 0.028126 0.029030
0 0.877686 0.433812 0.025808 0.023646
0 0.409304 0.471586 0.022084 0.025038
0 0.149698 0.097242 0.031528 0.023842
0 0.264746 0.295300 0.031816 0.032580
0 0.477796 0.234508 0.026436 0.026208
0 0.435530 0.177446 0.029308 0.025678
0 0.686458 0.432540 0.024240 0.022608
0 0.467952 0.363672 0.029862 0.023938
0 0.868270 0.553070 0.028038 0.028144
0 0.655504 0.763944 0.032644 0.032318
0 0.988730 0.131600 0.022366 0.028248
0 0.652514 0.336160 0.035194 0.029072
0 0.683624 0.875842 0.021410 0.023088
0 0.668520 0.131262 0.021530 0.022726
0 0.727390 0.660626 0.026238 0.022394
0 0.344070 0.766076 0.021066 0.021894
0 0.683170 0.229972 0.023428 0.022642
0 0.069240 0.791774 0.025194 0.021544
0 0.423936 0.622420 0.023120 0.019770
0 0.734882 0.455810 0.024122 0.021082
0 0.877372 0.573036 0.025546 0.023722
0 0.166104 0.917750 0.022028 0.023676
0 0.800322 0.119620 0.028706 0.030048
0 0.698046 0.483838 0.023546 0.020108
0 0.312484 0.493712 0.024182 0.020882
0 0.228408 0.339040 0.032988 0.029330
0 0.316924 0.764060 0.021994 0.022134
0 0.848638 0.304198 0.023866 0.021814
0 0.612334 0.455552 0.021788 0.020920
0 0.593644 0.011318 0.028276 0.022636
0 0.016784 0.925696 0.024274 0.026392
0 0.749200 0.702048 0.024554 0.027576
0 0.471164 0.161814 0.030706 0.027622
0 0.651660 0.284010 0.021216 0.016972
0 0.804012 0.247012 0.024088 0.016354
0 0.302838 0.821626 0.020186 0.022834
0 0.500754 0.309476 0.029108 0.034986
0 0.645050 0.862120 0.024858 0.023972
0 0.886896 0.313916 0.026516 0.023942
0 0.619038 0.916080 0.024760 0.018940
0 0.225226 0.177236 0.034964 0.036214
0 0.482272 0.452356 0.021898 0.019502
0 0.473470 0.663622 0.023412 0.021634
0 0.019660 0.768844 0.032196 0.027186
0 0.593396 0.160670 0.033426 0.037156
0 0.463358 0.294750 0.028666 0.027540
0 0.910428 0.485120 0.023746 0.028548
0 0.655832 0.228860 0.026394 0.018548
0 0.750878 0.057980 0.023290 0.020088
0 0.549566 0.190748 0.034452 0.029318
0 0.247440 0.706898 0.025528 0.028060
0 0.568546 0.268384 0.027936 0.024428
0 0.355512 0.584780 0.025170 0.030840
0 0.404054 0.804904 0.020194 0.020652
0 0.541446 0.457302 0.021304 0.020158
0 0.197692 0.953790 0.025478 0.020472
0 0.584248 0.655356 0.018806 0.019150
0 0.550528 0.307092 0.023598 0.021014
0 0.174786 0.146174 0.032038 0.033004
0 0.205788 0.745726 0.024456 0.020092
0 0.506714 0.208010 0.028458 0.028972
0 0.548690 0.148476 0.030932 0.026824
0 0.539568 0.027864 0.023718 0.021986
0 0.988060 0.147502 0.022982 0.035992
0 0.134942 0.718140 0.029816 0.024546
0 0.520218 0.840364 0.023496 0.019624
0 0.066432 0.596444 0.038706 0.036338
0 0.903910 0.443012 0.025362 0.023010
0 0.226522 0.962976 0.026902 0.033466
0 0.473516 0.397604 0.026514 0.024316
0 0.123938 0.149400 0.032828 0.032576
0 0.180460 0.224420 0.028558 0.026924
0 0.506368 0.820076 0.024808 0.022366
0 0.215348 0.429348 0.044340 0.040586
0 0.173578 0.964834 0.025278 0.031818
0 0.452222 0.916880 0.022910 0.022906
0 0.746612 0.690514 0.024900 0.031386
0 0.757654 0.049900 0.020796 0.026760
0 0.518692 0.642994 0.025632 0.020350
0 0.250708 0.766808 0.020482 0.023872
0 0.205598 0.604044 0.044300 0.039512
0 0.160386 0.382716 0.032742 0.032020
0 0.564682 0.381060 0.023348 0.021792
0 0.264078 0.879016 0.025156 0.023554
0 0.156546 0.846708 0.022430 0.030386
0 0.111178 0.880760 0.019372 0.031434
0 0.067338 0.418990 0.019372 0.022004
0 0.118314 0.496004 0.025488 0.023052
0 0.598010 0.593138 0.018352 0.022004
0 0.533270 0.586328 0.023450 0.025148
0 0.346182 0.462474 0.026508 0.023052
0 0.547542 0.401702 0.017332 0.023052
1 0.060781 0.314736 0.121562 0.314342
1 0.920474 0.225464 0.095430 0.080472
