0 0.785022 0.816648 0.049914 0.047572
0 0.698068 0.697484 0.038348 0.039872
0 0.376742 0.419310 0.037050 0.035088
0 0.191948 0.014521 0.034434 0.029042
0 0.774960 0.460098 0.036138 0.031938
0 0.787800 0.050976 0.047452 0.030748
0 0.316454 0.146204 0.035648 0.033946
0 0.924552 0.465442 0.032660 0.036338
0 0.954572 0.744046 0.034998 0.029480
0 0.325704 0.344208 0.027518 0.028626
0 0.990450 0.194944 0.019101 0.034612
0 0.871460 0.755134 0.037750 0.042006
0 0.682546 0.611196 0.034576 0.035496
0 0.491162 0.216594 0.035572 0.037406
0 0.779544 0.362426 0.027774 0.025364
0 0.739072 0.648938 0.032812 0.037318
0 0.198356 0.156420 0.031906 0.032124
0 0.936302 0.166130 0.036150 0.035784
0 0.979311 0.812868 0.041378 0.052874
0 0.761798 0.517108 0.035218 0.029606
0 0.336302 0.512676 0.035724 0.042754
0 0.242606 0.220688 0.028802 0.030156
0 0.845872 0.501680 0.033534 0.031468
0 0.526014 0.037184 0.036644 0.047400
0 0.740204 0.576080 0.034500 0.036122
0 0.880220 0.516926 0.032502 0.028326
0 0.523566 0.015848 0.035562 0.031696
0 0.870326 0.509824 0.044256 0.029616
0 0.963704 0.881006 0.046610 0.046114
1 0.744102 0.160872 0.228758 0.134348
