0 0.117884 0.446650 0.034298 0.034050
0 0.633286 0.902196 0.038390 0.046332
0 0.695832 0.912126 0.041818 0.039772
0 0.018952 0.476018 0.037903 0.057480
0 0.061774 0.904456 0.032732 0.033836
0 0.098128 0.827922 0.042192 0.046146
0 0.586694 0.841616 0.036528 0.037098
0 0.062162 0.210196 0.032644 0.041158
0 0.057766 0.671330 0.033196 0.033600
0 0.502524 0.706802 0.033468 0.039604
0 0.253432 0.860476 0.041734 0.043754
0 0.614654 0.627510 0.032484 0.042840
0 0.774956 0.719624 0.034842 0.040734
0 0.576012 0.686708 0.040308 0.041256
0 0.258434 0.286076 0.031242 0.047570
0 0.208518 0.668854 0.033756 0.039322
0 0.859550 0.738840 0.038938 0.045340
0 0.139910 0.270060 0.046090 0.037354
0 0.171752 0.138228 0.028986 0.035920
0 0.734800 0.605700 0.021028 0.029306
0 0.003779 0.103260 0.007558 0.032754
0 0.902552 0.807250 0.030332 0.025730
0 0.725116 0.435512 0.038748 0.035446
0 0.163772 0.215400 0.030908 0.034668
0 0.767922 0.800802 0.028752 0.032402
0 0.826444 0.617112 0.029088 0.036296
0 0.007381 0.035874 0.014761 0.037900
0 0.838860 0.983070 0.026128 0.030430
0 0.035022 0.747958 0.026822 0.024620
0 0.006226 0.565790 0.012452 0.049022
0 0.089442 0.992200 0.032916 0.015600
0 0.453500 0.832538 0.037108 0.036652
0 0.449874 0.545084 0.034492 0.036002
0 0.589798 0.780258 0.028780 0.039786
0 0.435670 0.784894 0.047548 0.041370
0 0.635410 0.525294 0.033034 0.034788
0 0.441788 0.207948 0.032230 0.042026
0 0.669822 0.694752 0.025108 0.029554
0 0.806946 0.798660 0.028950 0.032246
0 0.449884 0.932804 0.027814 0.032660
0 0.150818 0.330464 0.027040 0.026924
0 0.486338 0.583948 0.031776 0.033292
0 0.908494 0.967490 0.033258 0.028646
0 0.079558 0.505266 0.035196 0.032838
0 0.414312 0.710414 0.024116 0.028914
0 0.449346 0.819870 0.039108 0.044398
0 0.099004 0.997105 0.041732 0.005789
0 0.559746 0.407752 0.034154 0.040610
0 0.304834 0.642266 0.029930 0.041176
0 0.307916 0.690464 0.027290 0.034626
1 0.312732 0.984909 0.104224 0.030182
1 0.205688 0.571522 0.121126 0.113800
1 0.339490 0.334940 0.107044 0.137758
