0 0.387100 0.581944 0.034640 0.034762
0 0.882766 0.779686 0.040752 0.043460
0 0.521884 0.668726 0.038000 0.038708
0 0.929358 0.691128 0.045194 0.050012
0 0.867952 0.670740 0.040176 0.038546
0 0.994410 0.664786 0.011180 0.040014
0 0.813456 0.127744 0.024804 0.038120
1 0.206712 0.805722 0.131924 0.128044
1 0.819778 0.983375 0.085364 0.033250
1 0.569508 0.925173 0.259970 0.149655
1 0.662630 0.638878 0.104766 0.135806
1 0.678152 0.353684 0.065962 0.116404
1 0.894369 0.293544 0.211263 0.213408
1 0.997193 0.136396 0.005615 0.147446
