0 0.437392 0.539800 0.052830 0.052676
0 0.151150 0.899186 0.046974 0.043026
0 0.540812 0.978020 0.045244 0.042370
0 0.117980 0.566754 0.047686 0.046280
0 0.186808 0.174048 0.037066 0.041862
0 0.513168 0.818666 0.047908 0.039150
0 0.112350 0.813020 0.046684 0.042594
0 0.361374 0.386390 0.065748 0.052928
0 0.277672 0.316282 0.052968 0.047412
0 0.332952 0.664532 0.043874 0.039150
0 0.535306 0.881316 0.048108 0.043892
0 0.320342 0.108070 0.043996 0.042920
0 0.449860 0.663648 0.041096 0.032960
0 0.610800 0.269420 0.038440 0.044158
